Accuracy = 2.8089887640449436%
Accuracy = 33.70786516853933%
Accuracy = 69.66292134831461% 
